10
64
1.016100712622796e-02 1.132839652149425e-01
2.578600712622796e-02 1.080430445610495e-01
4.141100712622796e-02 1.042463114582565e-01
5.703600712622796e-02 1.094188022030136e-01
7.266100712622796e-02 1.074950825708522e-01
8.828600712622796e-02 1.124562653338033e-01
1.039110071262280e-01 1.104963827216066e-01
1.195360071262280e-01 1.133495030765684e-01
1.351610071262280e-01 1.202190544125142e-01
1.507860071262280e-01 1.228011330644541e-01
1.664110071262280e-01 1.169335405498702e-01
1.820360071262280e-01 1.219979674857861e-01
1.976610071262280e-01 1.280861693241369e-01
2.132860071262280e-01 1.222498785466739e-01
2.289110071262280e-01 1.222419806677303e-01
2.445360071262280e-01 1.236161627305857e-01
2.601610071262280e-01 1.271996562795624e-01
2.757860071262280e-01 1.313493984300041e-01
2.914110071262280e-01 1.233735229441796e-01
3.070360071262280e-01 1.358972913232799e-01
3.226610071262280e-01 1.247804209291586e-01
3.382860071262280e-01 1.271763594285563e-01
3.539110071262280e-01 1.354459406830794e-01
3.695360071262280e-01 1.311904728941708e-01
3.851610071262280e-01 1.412586358936105e-01
4.007860071262280e-01 1.390513258912246e-01
4.164110071262280e-01 1.482868816714134e-01
4.320360071262280e-01 1.444362971252888e-01
4.476610071262280e-01 1.497705028063479e-01
4.632860071262280e-01 1.454979274244336e-01
4.789110071262280e-01 1.450281924591553e-01
4.945360071262280e-01 1.531668707757462e-01
5.101610071262279e-01 1.586582189536460e-01
5.257860071262279e-01 1.537688836721396e-01
5.414110071262279e-01 1.508306968353278e-01
5.570360071262279e-01 1.537738942428799e-01
5.726610071262279e-01 1.688478589825242e-01
5.882860071262279e-01 1.633303101089172e-01
6.039110071262279e-01 1.685126607073734e-01
6.195360071262279e-01 1.742251093587056e-01
6.351610071262279e-01 1.706941637334004e-01
6.507860071262279e-01 1.850520637291433e-01
6.664110071262279e-01 1.796390870455009e-01
6.820360071262279e-01 1.816522808636178e-01
6.976610071262279e-01 1.896548315479971e-01
7.132860071262279e-01 1.993695829440847e-01
7.289110071262279e-01 2.023024555090953e-01
7.445360071262279e-01 2.134746003599758e-01
7.601610071262279e-01 2.113471224461403e-01
7.757860071262279e-01 2.216160370559123e-01
7.914110071262279e-01 2.294354037485317e-01
8.070360071262279e-01 2.316344291333216e-01
8.226610071262279e-01 2.441967517737409e-01
8.382860071262279e-01 2.446472887425439e-01
8.539110071262279e-01 2.583024858561296e-01
8.695360071262279e-01 2.655065617442932e-01
8.851610071262279e-01 2.796982638361695e-01
9.007860071262279e-01 2.874264117890311e-01
9.164110071262279e-01 2.913964239552654e-01
9.320360071262279e-01 3.117094269169029e-01
9.476610071262279e-01 3.161404350068773e-01
9.632860071262279e-01 3.364486481258849e-01
9.789110071262279e-01 3.506863988369470e-01
9.945360071262279e-01 3.778951450995139e-01
